   3.6723600e+02
   3.7113721e+02
   3.8109935e+02
   3.8629017e+02
   3.9440198e+02
   3.9044238e+02
   3.9489631e+02
   3.9413054e+02
   3.9899291e+02
   3.9671333e+02
   3.8870838e+02
   3.9863915e+02
   4.0858399e+02
   4.1137760e+02
   4.0744533e+02
   4.0214357e+02
   4.0021479e+02
   3.9659122e+02
   3.9782559e+02
   4.0450130e+02
   4.0195388e+02
   4.1105730e+02
   4.1098446e+02
   4.0616963e+02
   3.9371870e+02
   3.9018030e+02
   3.7520971e+02
   3.7980514e+02
   3.6988825e+02
   3.5217129e+02
   3.5653130e+02
   3.5816702e+02
   3.5146351e+02
   3.5948379e+02
   3.4419893e+02
   3.5193039e+02
   3.4586810e+02
   3.6440896e+02
   3.7032398e+02
   3.6852771e+02
   3.7828342e+02
   3.6516954e+02
   3.6289074e+02
   3.7238603e+02
   3.6617056e+02
   3.7480900e+02
   3.7593918e+02
   3.7988039e+02
   3.6606387e+02
   3.5778768e+02
   3.6422800e+02
   3.7087648e+02
   3.6796161e+02
   3.6802669e+02
   3.6146272e+02
   3.6704659e+02
   3.6649527e+02
   3.6503727e+02
   3.7118238e+02
   3.8533570e+02
   4.0078802e+02
   4.0449564e+02
   3.9174782e+02
   3.9210503e+02
   3.8552248e+02
   3.8986189e+02
   3.7639280e+02
   3.8330560e+02
   3.7953732e+02
   3.8031267e+02
   3.6999013e+02
   3.5390856e+02
   3.4380208e+02
   3.5217526e+02
   3.6027152e+02
   3.6189716e+02
   3.6654182e+02
   3.7698595e+02
   3.7183395e+02
   3.8436135e+02
   3.7252575e+02
   3.8216305e+02
   3.9222313e+02
   3.9395953e+02
   3.9416026e+02
   3.8466300e+02
   3.7600475e+02
   3.6995288e+02
   3.7154536e+02
   3.8128308e+02
   3.6414256e+02
   3.6929980e+02
   3.6208011e+02
   3.4323856e+02
   3.4186288e+02
   3.3343567e+02
   3.4966075e+02
   3.5581813e+02
   3.5409682e+02
   3.4228789e+02
   3.3479489e+02
   3.4115032e+02
   3.4337839e+02
   3.5004318e+02
   3.6959745e+02
   3.7491310e+02
   3.7369835e+02
   3.6029200e+02
   3.7104595e+02
   3.6658416e+02
   3.7925902e+02
   3.7957467e+02
   3.8939803e+02
   3.7755190e+02
   3.6831303e+02
   3.5481890e+02
   3.6064378e+02
   3.5782440e+02
   3.6899708e+02
   3.6509512e+02
   3.7720401e+02
   3.6305462e+02
   3.6210227e+02
   3.5093625e+02
   3.6200837e+02
   3.6530110e+02
   3.8191005e+02
   3.6868918e+02
   3.7481938e+02
   3.6275911e+02
   3.5444549e+02
   3.5525834e+02
   3.6508062e+02
   3.6585661e+02
   3.6430053e+02
   3.7111338e+02
   3.7118270e+02
   3.5544745e+02
   3.6002170e+02
   3.6016414e+02
   3.5818915e+02
   3.5767593e+02
   3.4012260e+02
   3.3269808e+02
   3.2660629e+02
   3.3180748e+02
   3.1145880e+02
   3.1233417e+02
   3.2798529e+02
   3.2845256e+02
   3.3326629e+02
   3.3880543e+02
   3.5123941e+02
   3.6187356e+02
   3.5869275e+02
   3.6957040e+02
   3.6657607e+02
   3.7086510e+02
   3.6925642e+02
   3.5144787e+02
   3.4720914e+02
   3.5654878e+02
   3.7197101e+02
   3.6392929e+02
   3.5809891e+02
   3.5931556e+02
   3.5027730e+02
   3.5862521e+02
   3.5534708e+02
   3.4700130e+02
   3.5241527e+02
   3.6028367e+02
   3.5471134e+02
   3.4768074e+02
   3.4868298e+02
   3.5232813e+02
   3.5393545e+02
   3.6032597e+02
   3.4645997e+02
   3.6004228e+02
   3.6269279e+02
   3.6550906e+02
   3.6509508e+02
   3.6460978e+02
   3.4981692e+02
   3.5981179e+02
   3.7031038e+02
   3.7603134e+02
   3.7185453e+02
   3.7971641e+02
   3.7030850e+02
   3.7676187e+02
   3.7680427e+02
   3.7510625e+02
   3.7213025e+02
   3.8600945e+02
   3.7733121e+02
   3.7464355e+02
   3.7488380e+02
   3.7176912e+02
   3.8025459e+02
   3.9502919e+02
   3.9768440e+02
   3.9850926e+02
   3.9733495e+02
   3.8472751e+02
   3.7407045e+02
   3.7550067e+02
   3.6534303e+02
   3.7150350e+02
   3.7055513e+02
   3.5783815e+02
   3.4410302e+02
   3.3764496e+02
   3.3643548e+02
   3.3282666e+02
   3.5304441e+02
   3.5702572e+02
   3.4478617e+02
   3.5908478e+02
   3.6074895e+02
   3.6445834e+02
   3.6507031e+02
   3.6220194e+02
   3.6085578e+02
   3.6108875e+02
   3.6012619e+02
   3.5471766e+02
   3.5938304e+02
   3.6219464e+02
   3.4518174e+02
   3.3008399e+02
   3.2937605e+02
   3.2944445e+02
   3.3528119e+02
   3.3111636e+02
   3.2674273e+02
   3.3693556e+02
   3.2365603e+02
   3.2905004e+02
   3.3758762e+02
   3.4637608e+02
   3.5333255e+02
   3.5241124e+02
   3.5796532e+02
   3.6627691e+02
   3.7564072e+02
   3.8311693e+02
   3.7232179e+02
   3.8220742e+02
   3.7769118e+02
   3.7939982e+02
   3.7696861e+02
   3.7574262e+02
   3.8663054e+02
   3.7940965e+02
   3.7773322e+02
   3.8587254e+02
   3.8902007e+02
   3.8819405e+02
   3.8445019e+02
   3.7709674e+02
   3.7960597e+02
   3.7583192e+02
   3.8178339e+02
   3.6755400e+02
   3.7704671e+02
   3.7094451e+02
   3.6907742e+02
   3.6555034e+02
   3.7872913e+02
   3.9178899e+02
   3.9165431e+02
   3.9043536e+02
   3.8981539e+02
   3.7496369e+02
   3.8840358e+02
   3.8537231e+02
   3.8527432e+02
   3.8655981e+02
   3.8670418e+02
   3.7939714e+02
   3.7393746e+02
   3.8354869e+02
   3.8275658e+02
   3.8144704e+02
   3.8398525e+02
   3.8358772e+02
   3.7824288e+02
   3.8059767e+02
   3.6627969e+02
   3.7462137e+02
   3.8363998e+02
   3.7610755e+02
   3.7030693e+02
   3.5860154e+02
   3.6766900e+02
   3.6763615e+02
   3.5284215e+02
   3.5808472e+02
   3.5096900e+02
   3.6442254e+02
   3.5879897e+02
   3.5582449e+02
   3.5450250e+02
   3.6027806e+02
   3.6673893e+02
   3.6825640e+02
   3.7793387e+02
   3.8815843e+02
   3.8706708e+02
   3.9291156e+02
   3.9452802e+02
   3.8158862e+02
   3.7274681e+02
   3.7110792e+02
   3.6276022e+02
   3.7155986e+02
   3.7025066e+02
   3.5827079e+02
   3.5560885e+02
   3.5438329e+02
   3.5512763e+02
   3.4747468e+02
   3.5957847e+02
   3.6166574e+02
   3.6466097e+02
   3.5772029e+02
   3.5960766e+02
   3.5044508e+02
   3.4958242e+02
   3.5112896e+02
   3.4727847e+02
   3.4481733e+02
   3.4114433e+02
   3.4536293e+02
   3.5711121e+02
   3.5624789e+02
   3.6757498e+02
   3.5497680e+02
   3.5847560e+02
   3.7251786e+02
   3.8021339e+02
   3.7987586e+02
   3.8959332e+02
   3.8582881e+02
   3.8328969e+02
   3.7864859e+02
   3.8305870e+02
   3.8578560e+02
   3.9475618e+02
   3.9372164e+02
   3.8390536e+02
   3.8285474e+02
   3.8472361e+02
   3.6813509e+02
   3.7419899e+02
   3.7663927e+02
   3.7361046e+02
   3.6656696e+02
   3.5839496e+02
   3.5451358e+02
   3.6419412e+02
   3.6319861e+02
   3.6296131e+02
   3.7284761e+02
   3.8269253e+02
   3.7677837e+02
   3.7034517e+02
   3.6700022e+02
   3.6687220e+02
   3.7199179e+02
   3.6544833e+02
   3.5724159e+02
   3.6535120e+02
   3.5437647e+02
   3.4610499e+02
   3.4656706e+02
   3.5009056e+02
   3.5375397e+02
   3.6318611e+02
   3.7346735e+02
   3.6956061e+02
   3.8000361e+02
   3.7421340e+02
   3.8048010e+02
   3.9254170e+02
   4.0369100e+02
   3.9869849e+02
   4.0408631e+02
   3.9190877e+02
   3.8125723e+02
   3.7498669e+02
   3.7310091e+02
   3.6439840e+02
   3.7131270e+02
   3.5699828e+02
   3.4875035e+02
   3.3799294e+02
   3.4861884e+02
   3.4439128e+02
   3.5668723e+02
   3.4950086e+02
   3.4557614e+02
   3.4837321e+02
   3.5388470e+02
   3.5552467e+02
   3.6458080e+02
   3.6961436e+02
   3.7653394e+02
   3.7873217e+02
   3.7911123e+02
   3.7136571e+02
   3.7717346e+02
   3.8870729e+02
   3.9455418e+02
   3.8984385e+02
   3.8364117e+02
   3.8047556e+02
   3.7252927e+02
   3.6484154e+02
   3.5690839e+02
   3.6040006e+02
   3.6447538e+02
   3.7757771e+02
   3.7259706e+02
   3.7624369e+02
   3.7993347e+02
   3.9570357e+02
   3.9186684e+02
   3.9463319e+02
   3.9179088e+02
   3.9217791e+02
   3.9240640e+02
   3.8423605e+02
   3.6959253e+02
   3.7095313e+02
   3.6475599e+02
   3.6984885e+02
   3.5794384e+02
   3.6772483e+02
   3.6955239e+02
   3.6661348e+02
   3.6554901e+02
   3.5598171e+02
   3.6965447e+02
   3.6504526e+02
   3.6541037e+02
   3.6169844e+02
   3.5165417e+02
   3.5679556e+02
   3.4760934e+02
   3.4844529e+02
   3.5694940e+02
   3.4688916e+02
   3.4946460e+02
   3.4656085e+02
   3.5561769e+02
   3.4937053e+02
   3.4393798e+02
   3.4948348e+02
   3.4349395e+02
   3.5251540e+02
   3.4332759e+02
   3.5214363e+02
   3.5802776e+02
   3.6630237e+02
   3.5789276e+02
   3.5376789e+02
   3.5148182e+02
   3.6121231e+02
   3.6502290e+02
   3.6587631e+02
   3.6166203e+02
   3.7157154e+02
   3.6778671e+02
   3.7310098e+02
   3.7147286e+02
   3.8700908e+02
   3.8920048e+02
   4.0256588e+02
   3.9455213e+02
   3.8026262e+02
   3.8294356e+02
   3.8194041e+02
   3.7517526e+02
   3.7423082e+02
   3.7688091e+02
   3.7297397e+02
   3.6121514e+02
   3.6087848e+02
   3.6054088e+02
   3.7214343e+02
   3.7715960e+02
   3.7916810e+02
   3.8123702e+02
   3.8348614e+02
   3.8819526e+02
   3.7850014e+02
   3.7680350e+02
   3.6853537e+02
   3.8375603e+02
   3.7941351e+02
   3.7379597e+02
   3.8071968e+02
   3.8017776e+02
   3.7943156e+02
   3.7929822e+02
   3.7356767e+02
   3.7901960e+02
   3.9221508e+02
   3.9942493e+02
   3.8018373e+02
   3.7395472e+02
   3.6631180e+02
   3.6320151e+02
   3.6090143e+02
   3.5904067e+02
   3.6384766e+02
   3.6462257e+02
   3.6858910e+02
   3.6301338e+02
   3.7227632e+02
   3.7025568e+02
   3.6554558e+02
   3.7489901e+02
   3.7031921e+02
   3.7089091e+02
   3.7375822e+02
   3.7823907e+02
   3.7693668e+02
   3.7069651e+02
   3.6970522e+02
   3.6641046e+02
   3.7696073e+02
   3.8172802e+02
   3.7262312e+02
   3.7951014e+02
   3.7377009e+02
   3.6403583e+02
   3.5995226e+02
   3.5208919e+02
   3.5187560e+02
   3.5279048e+02
   3.4505087e+02
   3.4683464e+02
   3.4839855e+02
   3.5998950e+02
   3.6375539e+02
   3.7114542e+02
   3.6840848e+02
   3.6290062e+02
   3.6578964e+02
   3.6524475e+02
   3.5551807e+02
   3.6315455e+02
   3.5959700e+02
   3.7245387e+02
   3.6738201e+02
   3.6206640e+02
   3.5511189e+02
   3.7111975e+02
   3.8054709e+02
   3.7972515e+02
   3.7872315e+02
   3.8850448e+02
   3.9297359e+02
   3.8985999e+02
   3.8230849e+02
   3.8256169e+02
   3.8946130e+02
   3.9986243e+02
   3.8937614e+02
   3.9272519e+02
   4.0978515e+02
   4.1357626e+02
   4.1615304e+02
   4.1034869e+02
   4.0711450e+02
   4.0154449e+02
   3.9960295e+02
   4.0110351e+02
   4.0283710e+02
   4.1553585e+02
   3.9895410e+02
   3.8340134e+02
   3.7487754e+02
   3.6103950e+02
   3.4864872e+02
   3.5879365e+02
   3.6604024e+02
   3.6068762e+02
   3.5070090e+02
   3.3732667e+02
   3.1961953e+02
   3.2587125e+02
   3.2981299e+02
   3.4501533e+02
   3.5379674e+02
   3.6511132e+02
   3.6825907e+02
   3.6997612e+02
   3.8597708e+02
   3.7908280e+02
   3.9327395e+02
   4.0503555e+02
   4.1301328e+02
   4.1260129e+02
   4.0557221e+02
   4.1181682e+02
   4.0582706e+02
   3.9734478e+02
   4.0054017e+02
   3.9022202e+02
   4.0660990e+02
   3.9949972e+02
   4.0150042e+02
   3.9188384e+02
   3.9526731e+02
   3.8744710e+02
   3.8120042e+02
   3.8780190e+02
   3.9558957e+02
   3.9094637e+02
   3.9918476e+02
   3.9443454e+02
   3.9131631e+02
   3.9056073e+02
   3.9163162e+02
   3.7785506e+02
   3.8053843e+02
   3.8746785e+02
   3.8597313e+02
   3.8447390e+02
   3.7617168e+02
   3.7102388e+02
   3.6982992e+02
   3.6402376e+02
   3.6143898e+02
   3.5860862e+02
   3.6157876e+02
   3.6786146e+02
   3.5401463e+02
   3.4422734e+02
   3.3429911e+02
   3.3108029e+02
   3.2091408e+02
   3.0895927e+02
   3.1773038e+02
   3.1236517e+02
   3.1545541e+02
   3.2539470e+02
   3.2414333e+02
   3.3120922e+02
   3.3790230e+02
   3.3689876e+02
   3.3927445e+02
   3.5564361e+02
   3.7097331e+02
   3.6508642e+02
   3.6483451e+02
   3.6774052e+02
   3.6968720e+02
   3.6919859e+02
   3.6193696e+02
   3.7549851e+02
   3.7429290e+02
   3.7145798e+02
   3.5923046e+02
   3.4686501e+02
   3.5394269e+02
   3.6211247e+02
   3.5303076e+02
   3.5609800e+02
   3.6068314e+02
   3.7115398e+02
   3.5136791e+02
   3.6557138e+02
   3.8299667e+02
   3.9708477e+02
   4.0983480e+02
   4.1291003e+02
   4.0789050e+02
   4.0744358e+02
   3.9451054e+02
   3.8473354e+02
   3.7060220e+02
   3.8777881e+02
   3.7817560e+02
   3.6433449e+02
   3.5475860e+02
   3.4519963e+02
   3.4095178e+02
   3.3666634e+02
   3.4976281e+02
   3.5446815e+02
   3.6793637e+02
   3.7530657e+02
   3.6545537e+02
   3.5989764e+02
   3.5756666e+02
   3.6423246e+02
   3.6353517e+02
   3.7041797e+02
   3.7003821e+02
   3.7170529e+02
   3.7408689e+02
   3.7227935e+02
   3.7781381e+02
   3.7687531e+02
   3.8416274e+02
   3.8990172e+02
   3.8763731e+02
   3.9715305e+02
   3.8246080e+02
   3.8295850e+02
   3.7187032e+02
   3.5948205e+02
   3.5403488e+02
   3.4438144e+02
   3.4132777e+02
   3.3455233e+02
   3.4092668e+02
   3.3799943e+02
   3.3155552e+02
   3.4407349e+02
   3.5800557e+02
   3.5306524e+02
   3.7122975e+02
   3.7132280e+02
